531
530
526
530
529
533
537
544
557
568
581
589
600
614
625
637
643
656
661
668
675
673
677
672
668
664
655
648
642
635
624
617
612
605
598
592
589
582
579
576
572
569
569
566
565
561
563
565
561
563
561
560
563
560
562
558
560
558
562
560
557
557
555
558
556
557
553
553
553
549
550
543
544
544
542
540
540
536
535
535
534
533
532
531
530
537
541
550
560
572
581
596
606
620
630
644
659
663
675
681
688
688
692
687
684
673
672
660
653
641
637
628
618
613
607
600
596
592
586
578
577
573
576
572
565
566
566
566
565
563
570
570
565
571
566
566
566
568
569
569
561
570
564
561
560
559
559
560
555
555
555
555
549
547
548
547
545
547
541
542
538
539
536
538
538
543
550
560
577
587
598
613
629
637
651
665
680
691
696
704
710
711
710
704
697
691
676
673
662
653
646
639
633
626
620
610
605
597
589
588
585
582
579
573
644
640
629
619
613
601
596
592
592
582
579
574
577
571
567
570
569
567
566
566
567
569
565
569
565
567
569
567
567
564
566
563
563
565
560
558
558
554
554
555
553
551
551
551
544
547
544
538
538
535
535
534
533
536
530
527
531
534
536
539
548
555
572
581
590
604
616
627
640
647
659
661
671
674
676
672
670
661
655
648
638
634
626
617
609
599
595
590
582
578
572
570
566
565
561
562
562
560
556
558
558
558
557
561
560
561
556
559
557
557
556
557
555
556
556
549
551
551
550
548
544
547
544
545
540
542
540
539
537
537
534
534
531
530
530
531
527
523
526
524
529
528
532
537
545
559
568
575
590
598
608
622
628
642
646
652
655
658
655
651
648
643
638
632
623
610
604
598
595
588
582
578
574
570
569
564
559
559
562
556
554
551
556
551
557
556
551
553
552
555
554
554
551
551
553
548
550
548
546
549
547
543
547
543
537
536
533
534
532
533
532
532
526
527
522
525
525
519
526
533
529
534
545
552
565
570
584
593
606
615
629
636
644
652
657
658
659
658
653
649
639
637
632
622
619
609
602
596
592
584
579
580
572
568
568
564
562
561
558
557
556
560
557
561
559
556
559
554
553
553
562
552
552
553
552
554
553
549
551
550
548
544
546
546
545
542
542
537
539
536
532
535
533
530
532
529
526
525
528
529
525
534
532
544
553
563
574
582
593
606
617
629
635
644
654
658
662
666
668
667
662
658
650
649
638
632
629
617
610
609
599
593
585
581
579
574
574
568
570
563
562
564
562
561
559
558
565
562
560
559
561
559
556
557
557
559
554
556
556
559
555
549
553
549
551
545
548
546
543
543
542
540
539
537
538
536
534
531
530
532
533
530
530
537
544
550
563
570
581
592
607
612
628
634
649
652
662
668
670
672
670
666
664
661
655
648
638
633
601
597
592
588
580
577
575
571
569
569
567
565
561
560
563
564
562
564
558
561
560
564
562
557
558
559
556
555
555
554
554
552
554
550
547
549
550
548
546
540
542
539
539
538
537
534
538
535
530
534
533
530
540
542
554
558
571
580
592
607
617
626
638
647
656
666
677
676
676
678
675
669
667
661
654
645
637
635
623
615
609
603
598
590
590
582
579
574
575
571
572
570
565
565
564
562
565
565
568
565
567
561
562
566
565
567
562
563
563
562
561
562
562
555
556
559
557
556
552
549
550
548
549
543
539
538
538
540
538
539
539
539
543
546
555
563
574
585
600
614
625
637
655
662
672
682
691
695
701
697
697
691
685
677
670
665
657
648
639
630
629
620
612
604
601
596
593
586
584
580
581
578
572
572
573
574
575
570
575
574
572
572
574
575
571
571
571
572
569
571
569
568
567
564
563
565
564
558
559
556
558
556
554
550
540
541
540
544
548
552
558
569
583
592
609
621
634
647
662
673
691
697
704
711
711
709
711
702
695
692
683
670
667
654
651
640
632
622
620
609
604
598
597
593
590
586
581
578
578
575
576
575
573
576
576
576
572
574
578
575
572
575
574
573
574
571
573
571
569
564
567
567
566
560
561
561
555
555
556
551
551
551
548
544
544
542
543
542
546
547
552
558
574
586
598
611
624
640
654
667
681
691
697
705
706
709
705
698
690
684
679
664
656
643
637
631
622
616
609
606
596
595
590
585
578
577
576
575
575
573
573
566
572
569
571
575
569
567
569
571
569
570
570
569
567
565
561
560
565
560
560
557
560
558
557
554
550
549
549
546
547
543
544
542
542
541
539
537
532
536
539
536
542
552
558
569
582
594
603
621
627
639
648
661
665
672
674
675
671
667
661
654
650
636
630
624
618
608
602
593
593
585
581
576
574
570
565
566
563
562
561
563
562
559
563
561
563
561
561
558
561
557
553
552
551
557
554
551
554
551
548
546
547
543
541
546
541
543
541
536
538
537
531
529
531
529
528
528
530
532
532
536
545
554
565
570
584
592
606
612
621
629
639
648
652
652
658
650
651
646
641
637
627
618
617
609
602
598
590
586
583
577
572
569
567
567
563
561
562
562
557
561
561
557
559
558
559
558
558
562
554
555
557
554
553
554
549
555
553
548
548
548
547
542
546
547
542
542
535
540
536
536
535
531
530
531
534
527
529
528
529
532
537
536
550
560
570
576
592
601
609
618
631
637
644
651
656
656
660
654
655
649
641
639
633
623
618
613
606
598
592
588
586
585
579
577
571
568
566
563
563
565
560
561
564
557
561
560
563
561
563
564
557
558
558
556
559
557
557
555
554
554
551
550
549
549
543
548
544
541
542
541
540
537
537
535
536
532
533
529
529
534
571
577
591
603
615
621
636
642
653
658
661
668
669
670
670
664
658
654
649
643
632
627
618
617
612
603
598
595
588
586
581
581
574
573
572
568
569
566
565
567
564
569
568
568
567
565
565
562
563
562
564
563
560
561
558
559
554
554
555
553
556
549
552
550
550
544
544
540
545
541
541
540
537
538
535
540
541
545
549
558
569
580
591
603
613
624
635
645
652
663
664
674
673
675
673
672
672
661
659
650
643
636
630
623
615
608
607
597
593
588
586
583
580
577
570
569
572
566
566
564
566
568
566
563
567
563
564
565
565
562
559
562
558
558
556
555
561
557
556
553
554
552
550
549
547
546
543
540
538
538
537
538
536
535
533
533
541
541
544
554
568
576
591
599
613
623
632
643
656
660
668
675
675
680
681
678
673
667
663
654
649
638
638
627
620
616
607
602
596
593
588
587
582
579
575
574
571
573
569
569
571
569
569
571
567
566
567
565
568
565
566
565
561
565
562
559
563
558
559
555
554
553
554
548
550
547
546
543
544
540
541
542
544
543
550
560
573
585
598
605
623
631
646
656
668
675
685
693
700
697
699
692
690
684
681
673
663
652
647
640
633
626
617
614
605
599
602
591
589
583
582
578
580
577
576
575
573
580
574
577
573
577
574
574
576
571
577
572
573
572
570
568
567
568
567
566
562
565
558
561
558
555
558
555
553
550
550
544
544
542
544
549
551
559
566
572
592
604
618
630
644
659
671
682
695
702
708
712
712
710
707
696
692
684
679
668
660
648
642
633
629
619
615
607
601
598
593
590
583
583
583
582
578
575
578
580
579
579
575
578
576
575
578
577
573
578
575
573
572
571
570
566
565
564
566
562
563
560
555
557
553
553
551
548
549
546
550
546
539
541
539
546
547
552
559
569
582
596
610
620
635
646
661
675
684
689
692
692
659
643
637
634
625
615
612
602
599
591
590
582
580
575
574
571
569
568
567
572
571
572
571
568
571
567
571
568
563
567
569
566
569
572
566
560
561
563
557
561
557
553
553
550
554
551
548
548
546
543
546
543
537
539
538
537
539
536
535
538
542
545
556
561
574
586
595
609
620
625
639
651
656
664
664
665
663
661
652
649
643
642
631
621
617
608
602
596
593
586
585
577
572
568
566
566
560
563
560
562
562
562
563
559
558
565
560
564
560
560
560
557
558
557
554
554
554
550
551
554
549
551
549
548
544
542
540
540
542
536
537
534
532
537
532
531
531
529
530
529
532
533
535
538
548
564
575
583
591
600
610
620
628
634
642
645
647
642
647
645
639
637
632
626
621
614
608
600
596
588
585
578
579
573
570
568
565
565
565
560
560
563
562
562
559
561
562
562
560
559
564
557
557
554
556
552
554
557
552
552
551
553
547
547
541
539
535
539
534
537
529
530
529
531
529
531
530
532
532
537
548
560
571
578
588
600
614
622
632
635
645
651
653
657
657
656
650
648
646
643
638
631
626
618
610
606
598
597
591
586
580
580
574
572
570
567
569
567
566
563
565
565
563
563
564
564
564
563
560
564
560
561
560
559
557
555
557
553
556
553
552
554
547
546
548
542
543
542
544
540
536
535
535
534
533
535
534
537
537
540
542
555
566
578
586
599
611
619
629
636
646
652
660
664
663
661
666
659
655
652
648
641
638
625
623
619
609
606
598
593
587
584
585
578
577
573
569
569
569
570
570
566
571
570
568
565
566
566
566
563
568
561
562
559
560
560
560
559
560
557
557
555
550
550
547
549
552
543
544
543
545
541
537
538
540
538
536
538
541
540
541
549
561
573
583
595
602
616
622
634
645
658
670
670
678
678
676
673
668
663
655
649
643
637
627
619
618
609
584
577
577
571
571
566
564
564
566
563
562
561
561
566
562
564
562
561
561
561
561
560
557
562
558
557
557
552
556
550
550
549
544
544
543
541
540
544
539
538
536
533
534
531
533
533
531
537
542
542
547
561
575
589
599
612
625
639
652
660
672
677
681
688
687
687
679
673
671
663
659
647
638
629
626
615
612
605
596
593
590
582
581
580
577
573
568
573
573
565
568
566
565
569
571
572
574
567
567
564
568
568
568
567
565
564
559
564
558
562
561
558
555
552
552
553
549
549
545
542
546
541
539
539
536
533
535
540
547
552
553
566
581
598
608
623
635
654
664
680
689
699
701
705
707
707
701
695
688
686
677
669
662
653
642
639
626
623
615
609
600
595
592
591
585
582
579
582
581
577
577
574
577
574
576
573
576
575
578
579
578
575
573
575
569
572
572
570
566
565
563
567
561
562
560
553
555
556
554
550
550
546
549
546
552
560
566
574
589
608
620
637
649
663
680
691
705
709
715
717
718
714
705
699
694
684
680
671
660
650
645
636
629
619
616
609
600
599
591
587
587
585
580
582
578
577
577
574
576
574
578
576
572
573
571
572
576
576
574
574
569
570
566
564
561
565
563
560
559
557
555
557
551
550
550
548
546
546
543
542
539
538
539
538
541
539
548
553
555
568
574
587
607
618
635
643
658
670
678
684
689
691
692
686
683
676
668
662
654
643
630
626
617
612
604
600
593
591
584
579
578
577
571
571
568
570
565
564
564
564
563
563
568
569
567
567
566
567
566
565
563
560
559
560
554
551
555
554
554
550
549
546
550
545
542
543
542
539
544
536
534
534
534
532
532
528
527
529
529
534
536
543
545
554
563
579
598
607
616
627
635
648
652
660
661
663
654
653
649
642
640
631
628
620
615
611
603
599
591
595
584
583
580
578
573
570
570
566
564
566
560
564
563
561
563
557
559
557
558
556
557
557
552
553
551
554
552
551
550
548
548
545
544
541
542
540
539
538
533
536
531
531
531
528
532
527
530
533
532
544
550
558
562
571
586
596
607
622
628
642
646
651
658
662
660
658
651
647
645
639
632
627
621
612
608
603
593
588
587
579
574
570
570
565
566
561
562
563
565
559
556
561
554
554
560
557
555
559
558
555
557
557
554
550
552
552
547
549
548
548
549
548
544
544
543
536
536
539
532
537
535
533
532
532
527
525
522
528
527
530
534
533
538
543
542
553
563
577
593
601
615
624
631
641
647
654
656
659
657
653
644
642
639
636
625
624
616
616
606
602
597
594
589
585
587
577
579
575
571
574
572
569
571
568
572
565
566
567
563
565
565
564
563
560
559
559
564
559
560
559
557
556
552
553
549
550
552
547
550
546
547
542
541
541
539
539
542
536
536
536
536
539
567
579
595
606
611
625
638
646
657
660
666
673
675
669
670
667
662
656
650
639
635
627
621
618
609
601
595
593
586
584
578
577
573
567
571
570
570
564
563
562
564
565
566
565
567
563
563
559
563
558
555
555
559
555
556
555
552
556
550
548
550
546
546
545
543
541
541
541
540
539
537
534
532
529
527
529
532
537
539
540
547
550
557
568
572
586
604
615
623
637
644
653
658
663
665
665
662
658
654
652
648
638
631
627
621
611
605
603
594
593
590
584
580
574
573
571
571
568
567
568
564
564
562
562
566
562
566
564
559
563
560
566
560
560
560
561
555
558
559
556
551
555
548
548
549
547
544
541
542
543
539
536
536
539
533
535
535
536
539
545
548
551
571
582
592
605
616
630
643
652
661
671
681
681
688
689
682
676
673
668
662
655
651
641
634
629
619
615
606
602
596
588
586
583
584
575
577
579
572
570
570
571
573
571
569
568
567
569
567
568
566
568
567
567
562
562
562
557
557
558
551
552
556
551
552
546
548
548
540
546
539
539
541
546
546
550
554
557
571
589
604
614
625
641
656
669
674
687
692
698
702
701
697
696
692
685
682
673
664
658
647
638
627
623
615
610
603
602
597
594
588
584
586
587
578
578
575
575
576
575
578
577
574
578
575
576
573
574
574
575
574
572
568
571
568
568
567
564
563
565
557
562
556
557
555
551
551
552
546
551
546
548
545
545
547
550
558
563
572
585
602
617
627
639
658
668
684
693
702
706
710
709
701
697
691
684
678
669
655
647
643
629
624
620
610
606
597
593
592
589
584
579
580
577
573
571
572
574
572
570
572
575
573
577
570
571
569
568
570
570
564
568
567
564
560
562
559
560
559
558
556
551
550
550
548
550
548
548
541
539
541
539
538
536
537
537
538
543
548
549
551
560
571
584
597
616
623
640
671
667
671
667
656
652
650
640
638
629
628
620
614
607
601
592
586
583
579
577
575
570
570
570
564
569
564
561
565
562
563
564
566
566
563
564
562
562
563
559
559
556
553
556
556
555
549
552
550
549
547
544
541
541
538
538
538
539
539
535
534
534
528
525
530
526
528
535
533
538
539
546
551
560
567
572
588
601
614
620
627
637
642
643
649
649
648
640
639
633
633
624
619
618
613
606
599
599
592
586
580
582
574
571
571
563
563
563
562
563
561
558
563
560
559
560
559
563
557
561
558
554
555
556
553
552
549
549
551
549
550
548
546
546
543
544
539
542
536
534
535
534
538
533
530
530
528
528
523
528
530
533
537
537
543
553
560
563
567
577
581
588
599
613
619
626
636
635
638
632
633
629
623
626
619
617
611
607
600
599
595
591
589
586
586
576
579
574
579
571
576
571
570
570
566
569
571
571
568
565
569
567
568
564
561
561
560
556
557
559
558
562
553
549
555
551
547
547
548
546
544
546
546
543
542
542
542
539
542
541
548
551
562
569
583
594
605
611
625
631
640
649
654
662
659
663
662
662
659
650
650
646
636
635
629
627
620
615
611
607
600
594
593
587
588
584
578
581
576
579
579
575
571
571
570
569
569
571
569
568
571
569
564
562
564
566
563
564
564
561
561
559
555
553
552
555
551
547
549
548
544
544
546
541
543
542
541
537
544
538
546
550
563
570
578
594
607
615
626
636
648
660
663
672
675
678
678
676
672
667
662
659
651
646
639
637
632
626
619
616
609
604
599
595
590
593
585
585
584
578
579
572
573
575
575
571
575
573
569
573
571
570
572
569
569
563
565
565
563
562
560
562
558
554
556
554
552
553
553
549
548
548
545
544
547
543
538
541
539
541
537
542
551
561
569
576
588
603
616
624
639
646
658
666
673
677
681
682
665
661
653
645
643
634
631
621
623
614
606
600
599
594
587
587
584
581
579
574
575
574
570
572
570
572
566
567
567
572
570
565
569
569
566
563
563
561
558
556
561
556
554
556
556
551
551
550
550
545
547
546
543
541
541
540
535
539
539
539
543
547
549
556
559
575
579
595
615
627
637
649
662
670
676
682
686
686
689
683
679
677
671
661
658
649
640
632
627
620
613
609
601
595
593
588
588
584
584
581
578
580
574
576
573
574
576
574
576
574
575
570
569
573
574
567
569
571
567
568
565
566
559
566
558
559
560
554
555
554
554
553
548
545
545
540
543
543
541
544
545
554
563
564
570
580
593
606
612
630
647
664
677
690
702
705
711
708
702
700
693
686
679
677
665
656
647
642
634
625
617
615
608
601
596
591
589
586
583
578
581
577
574
579
576
576
574
575
573
574
578
577
577
576
575
573
573
569
568
567
566
562
563
564
557
554
554
549
554
549
543
547
543
547
536
543
545
549
552
560
565
570
577
586
600
616
634
636
649
660
679
690
693
695
696
696
692
685
677
672
664
656
644
638
634
628
618
612
607
597
587
585
579
576
574
573
570
569
570
566
569
566
569
566
572
573
569
572
571
567
570
567
564
565
560
563
562
557
554
555
550
552
556
549
549
544
547
541
547
540
544
537
535
533
531
530
531
529
529
533
539
547
547
550
556
560
568
570
580
586
592
603
618
622
626
633
637
641
640
640
640
632
627
623
615
606
607
599
593
590
584
577
573
570
570
566
562
559
558
560
559
560
558
558
559
557
560
557
560
562
557
556
556
556
555
555
553
555
550
550
547
549
549
546
548
544
539
538
541
538
533
536
535
532
529
530
527
523
525
522
518
522
525
527
537
538
546
555
568
571
575
588
593
604
610
612
622
625
638
635
638
634
634
631
630
623
618
614
582
579
572
568
567
566
564
560
558
559
557
553
553
555
555
553
554
552
553
553
555
556
552
553
553
551
547
552
547
550
544
548
543
540
542
541
541
538
534
538
534
535
532
530
528
529
521
523
524
524
520
519
521
523
529
531
535
543
556
560
568
573
582
589
603
605
616
623
623
629
635
634
637
633
636
632
624
621
612
606
601
596
591
584
582
577
573
571
564
562
562
556
559
562
562
562
557
562
560
559
559
561
560
560
554
555
558
558
555
555
552
553
551
557
554
551
551
551
552
546
545
546
541
543
543
545
543
538
534
532
535
533
530
534
531
537
535
535
542
550
558
566
571
582
589
601
606
617
618
628
633
636
640
647
647
646
644
642
638
631
626
621
612
611
602
596
592
584
582
581
576
570
566
567
563
558
562
562
562
561
561
561
561
557
562
560
562
560
559
558
557
555
556
554
553
551
551
550
546
549
546
544
544
540
535
534
537
535
530
530
529
528
526
531
535
539
542
552
558
566
572
577
585
596
603
611
621
631
637
640
643
649
646
648
648
644
646
639
632
624
623
614
609
605
595
592
587
590
579
573
572
572
572
565
561
565
563
564
566
563
560
563
562
560
559
559
558
557
559
562
558
560
552
556
555
550
552
547
552
548
543
543
543
540
540
538
539
536
532
528
535
531
531
528
530
533
535
541
549
553
559
571
578
588
597
603
614
623
629
643
644
649
655
655
658
662
655
653
649
644
635
629
626
617
606
605
599
592
590
585
581
579
577
573
571
568
565
569
568
569
566
568
567
567
568
566
566
565
562
562
567
562
560
561
559
560
562
560
559
554
554
554
551
548
543
545
546
546
539
541
542
536
538
536
537
534
534
543
548
552
561
569
581
583
594
607
615
626
636
644
657
661
663
668
674
675
678
673
669
665
663
653
647
641
634
626
619
610
589
585
584
579
576
573
579
575
574
574
576
578
571
574
576
573
574
573
573
570
572
571
571
567
569
567
565
559
563
561
559
559
559
556
554
548
551
548
545
544
543
541
544
542
543
543
552
556
563
570
581
593
604
614
626
634
642
654
666
683
690
696
699
700
698
693
688
679
676
670
658
650
642
638
629
624
621
612
611
604
599
596
595
592
586
583
587
583
582
582
581
582
585
582
579
580
583
578
583
579
575
576
571
573
574
569
570
565
565
566
562
562
560
557
556
559
553
554
550
549
551
544
544
543
541
546
547
553
557
567
582
591
605
617
629
646
656
670
676
687
695
699
699
699
695
686
685
676
666
663
654
645
635
630
623
615
614
604
601
597
591
589
589
582
579
579
576
576
576
578
576
579
572
577
571
572
575
576
572
575
571
571
567
565
569
565
564
564
559
559
559
554
556
554
555
555
551
549
546
546
548
543
540
540
534
535
534
539
548
559
569
578
588
601
610
624
632
643
651
660
666
669
668
667
664
658
652
651
641
636
625
622
617
609
607
600
594
591
584
580
577
578
574
571
568
568
566
568
569
565
565
560
563
565
563
565
561
561
562
559
560
560
557
552
555
555
556
549
551
548
548
549
546
542
542
539
542
537
539
538
534
532
531
532
526
531
526
523
526
530
532
543
548
558
568
572
584
594
605
616
624
638
644
652
654
660
657
657
654
648
643
641
633
627
623
617
608
608
601
595
590
588
583
582
574
575
571
572
568
570
566
563
563
564
563
565
565
564
558
559
560
560
559
559
559
559
559
552
555
552
553
547
549
545
550
546
547
543
545
541
540
537
536
538
534
536
532
533
533
531
533
529
535
540
543
555
561
577
585
587
605
615
627
635
648
650
657
662
663
664
661
658
650
647
644
639
632
627
625
616
610
605
601
599
593
590
589
588
570
571
573
572
571
569
567
565
567
567
566
564
567
565
564
559
563
560
558
561
556
556
556
553
551
555
551
549
547
547
548
547
541
537
540
539
536
537
533
534
537
537
540
548
555
562
570
583
593
605
614
630
637
646
652
660
669
666
671
672
671
663
661
653
650
645
639
631
628
624
615
611
602
603
600
593
591
583
583
579
581
577
576
577
574
575
569
572
571
570
569
572
566
569
568
565
565
563
563
560
564
561
558
555
557
556
556
549
554
553
549
549
546
548
546
541
543
537
541
539
538
538
537
546
548
558
566
578
591
595
610
621
631
639
649
662
663
674
676
674
675
671
669
661
660
657
648
641
636
632
631
623
616
611
607
603
599
592
596
589
586
585
583
582
578
580
574
578
571
575
574
573
569
567
572
569
572
564
565
567
566
564
562
560
561
561
557
557
556
557
554
554
553
552
549
548
542
546
545
543
542
540
545
547
587
599
613
621
639
647
658
666
677
681
687
688
690
682
680
678
672
663
655
648
644
638
632
624
619
615
612
603
602
595
593
590
585
584
583
580
581
575
576
576
575
576
574
575
574
574
571
573
570
568
571
569
567
565
568
566
562
560
563
564
561
556
556
554
556
551
549
552
544
550
544
544
540
542
546
547
555
564
576
586
605
617
629
639
654
670
677
690
699
701
709
709
702
700
692
690
683
676
670
662
659
651
646
640
632
623
618
610
604
602
599
596
592
588
589
587
585
582
583
584
580
583
580
578
580
577
582
577
577
577
577
573
576
570
573
572
568
565
565
567
566
564
561
560
560
560
554
553
551
555
549
548
549
549
553
555
567
577
586
603
614
632
645
662
671
688
693
707
709
717
710
714
706
701
695
688
679
673
667
660
651
643
639
627
624
620
614
607
603
599
595
591
590
588
585
583
581
583
579
580
577
580
575
576
574
571
574
570
571
568
566
566
563
564
560
560
561
558
557
551
554
549
553
552
551
545
547
544
542
542
541
543
548
563
572
579
593
600
615
630
642
651
666
670
681
686
690
691
682
680
675
671
663
658
644
641
634
628
624
619
609
611
600
596
590
587
581
578
578
575
573
574
574
570
574
570
573
568
573
566
570
569
564
567
568
564
563
564
565
561
558
560
561
553
553
555
555
549
550
548
547
543
541
541
540
541
537
536
530
531
530
531
531
538
540
544
561
570
577
584
598
607
615
628
635
642
651
656
660
662
663
656
652
644
640
633
627
626
619
611
606
601
600
591
585
584
576
575
574
571
570
565
566
564
565
564
564
562
561
558
563
557
562
558
559
559
555
556
555
553
553
550
553
551
550
548
545
544
541
542
543
543
539
539
536
533
533
532
528
532
527
526
524
526
529
534
541
551
558
570
575
587
600
610
622
628
637
639
656
651
646
643
644
635
630
623
617
608
605
601
598
590
587
583
582
578
575
574
570
565
569
566
564
567
562
564
560
564
558
560
562
562
562
559
561
558
557
555
554
552
548
552
551
549
550
547
546
542
540
541
540
537
539
538
539
534
533
531
532
527
531
534
539
545
552
560
574
580
589
602
611
623
630
645
647
655
660
661
664
662
660
656
653
648
645
636
627
628
618
616
609
603
602
596
590
589
585
583
577
574
575
571
570
572
570
570
569
568
567
566
568
565
566
564
567
562
564
560
560
561
555
557
555
555
552
550
554
547
551
549
546
545
541
539
542
544
537
538
534
536
534
538
540
545
556
563
573
587
594
608
619
626
638
649
655
658
664
673
670
671
668
663
657
656
652
644
639
632
630
624
620
614
610
604
598
594
591
585
586
581
581
579
576
575
573
574
571
573
572
568
568
567
566
568
566
565
567
563
562
559
562
557
553
553
551
553
548
549
546
547
542
546
542
543
539
537
539
535
538
541
550
563
573
578
591
602
616
623
633
644
656
662
667
671
674
675
673
673
666
664
657
652
647
644
636
631
623
621
616
611
605
606
597
599
592
593
583
585
581
581
578
579
579
580
576
573
571
569
574
571
574
570
572
568
569
569
569
566
568
565
562
564
560
562
558
555
553
558
554
554
550
548
546
549
544
545
548
544
548
549
556
568
583
591
607
615
624
638
646
659
668
683
683
684
688
690
685
680
676
672
668
662
659
651
645
637
629
625
617
614
613
602
602
594
590
594
586
587
584
583
583
582
579
575
579
576
577
575
576
578
575
572
576
572
576
571
573
569
569
568
566
568
565
562
564
561
558
555
557
553
555
551
550
548
552
550
547
551
550
557
571
583
595
607
618
628
644
658
675
679
692
700
706
708
708
704
697
695
689
686
678
671
667
661
652
646
611
607
606
601
599
594
592
589
590
586
585
583
585
583
580
583
580
578
583
581
577
580
579
579
576
578
576
576
574
570
572
574
570
570
567
566
565
563
561
559
559
554
553
554
554
552
553
556
557
570
579
588
606
615
626
644
651
671
682
694
704
710
715
716
708
705
698
696
687
684
670
666
660
654
646
641
633
624
621
614
610
604
602
596
591
589
592
587
585
586
586
582
583
581
582
577
582
582
579
578
578
579
574
573
576
573
572
570
573
568
565
567
563
563
564
561
561
558
555
553
552
555
548
550
545
548
545
549
551
556
567
579
589
600
616
630
643
653
662
673
680
684
691
689
684
677
680
673
666
659
654
646
642
635
625
622
615
609
607
600
594
590
583
586
581
581
580
576
577
576
574
573
573
576
568
573
571
570
573
572
570
568
568
565
566
564
560
561
558
563
559
555
557
559
554
554
552
551
547
549
544
544
542
541
